Linux 4.11.3-1-ARCH (jan-laptop) 	23.06.2017 	_x86_64_	(4 CPU)

#      Time   UID      TGID       TID    %usr %system  %guest    %CPU   CPU  minflt/s  majflt/s     VSZ     RSS   %MEM StkSize  StkRef   kB_rd/s   kB_wr/s kB_ccwr/s iodelay  Command
 1498231172  1000     31702         0   93,79    3,93    0,00   97,72     1   1364,60      0,00 4281796  184812   2,42     136      36      0,00      0,00      0,00       0  java
 1498231172  1000         0     31702    0,00    0,00    0,00    0,00     1     88,82      0,00 4281796  184812   2,42     136      36      0,00      0,00      0,00       0  |__java
 1498231172  1000         0     31704   66,05    1,66    0,00   67,70     1    467,29      0,00 4281796  184812   2,42     136      36      0,00      0,00      0,00       0  |__java
 1498231172  1000         0     31705    0,41    0,41    0,00    0,83     0      3,93      0,00 4281796  184812   2,42     136      36      0,00      0,00      0,00       0  |__java
 1498231172  1000         0     31706    0,41    0,00    0,00    0,41     0      2,07      0,00 4281796  184812   2,42     136      36      0,00      0,00      0,00       0  |__java
 1498231172  1000         0     31707    0,41    0,00    0,00    0,41     2      2,69      0,00 4281796  184812   2,42     136      36      0,00      0,00      0,00       0  |__java
 1498231172  1000         0     31708    0,41    0,21    0,00    0,62     2      2,48      0,00 4281796  184812   2,42     136      36      0,00      0,00      0,00       0  |__java
 1498231172  1000         0     31709    0,21    0,00    0,00    0,21     0     22,36      0,00 4281796  184812   2,42     136      36      0,00      0,00      0,00       0  |__java
 1498231172  1000         0     31710    0,00    0,00    0,00    0,00     1      5,59      0,00 4281796  184812   2,42     136      36      0,00      0,00      0,00       0  |__java
 1498231172  1000         0     31711    0,00    0,00    0,00    0,00     0      4,35      0,00 4281796  184812   2,42     136      36      0,00      0,00      0,00       0  |__java
 1498231172  1000         0     31712    0,00    0,00    0,00    0,00     1      0,21      0,00 4281796  184812   2,42     136      36      0,00      0,00      0,00       0  |__java
 1498231172  1000         0     31713   10,14    0,41    0,00   10,56     3    317,60      0,00 4281796  184812   2,42     136      36      0,00      0,00      0,00       0  |__java
 1498231172  1000         0     31714    9,73    0,00    0,00    9,73     1    300,21      0,00 4281796  184812   2,42     136      36      0,00      0,00      0,00       0  |__java
 1498231172  1000         0     31715    5,18    0,21    0,00    5,38     3    146,58      0,00 4281796  184812   2,42     136      36      0,00      0,00      0,00       0  |__java
 1498231172  1000         0     31716    0,00    0,00    0,00    0,00     0      0,21      0,00 4281796  184812   2,42     136      36      0,00      0,00      0,00       0  |__java
 1498231172  1000         0     31717    0,00    0,00    0,00    0,00     2      0,21      0,00 4281796  184812   2,42     136      36      0,00      0,00      0,00       0  |__java

#      Time   UID      TGID       TID    %usr %system  %guest    %CPU   CPU  minflt/s  majflt/s     VSZ     RSS   %MEM StkSize  StkRef   kB_rd/s   kB_wr/s kB_ccwr/s iodelay  Command
 1498231175  1000     31702         0  100,00    2,33    0,00  100,00     1   9841,67      0,00 4281796  367208   4,81     136      36      0,00      0,00      0,00       0  java
 1498231175  1000         0     31702    0,00    0,00    0,00    0,00     1      0,00      0,00 4281796  367208   4,81     136      36      0,00      0,00      0,00       0  |__java
 1498231175  1000         0     31704   92,33    1,33    0,00   93,67     1   4363,67      0,00 4281796  367208   4,81     136      36      0,00      0,00      0,00       0  |__java
 1498231175  1000         0     31705    3,00    0,00    0,00    3,00     0     20,33      0,00 4281796  367208   4,81     136      36      0,00      0,00      0,00       0  |__java
 1498231175  1000         0     31706    2,00    0,00    0,00    2,00     2      1,00      0,00 4281796  367208   4,81     136      36      0,00      0,00      0,00       0  |__java
 1498231175  1000         0     31707    3,00    1,33    0,00    4,33     2   5392,00      0,00 4281796  367208   4,81     136      36      0,00      0,00      0,00       0  |__java
 1498231175  1000         0     31708    2,67    0,00    0,00    2,67     0     24,67      0,00 4281796  367208   4,81     136      36      0,00      0,00      0,00       0  |__java
 1498231175  1000         0     31709    0,00    0,00    0,00    0,00     0     40,00      0,00 4281796  367208   4,81     136      36      0,00      0,00      0,00       0  |__java
 1498231175  1000         0     31710    0,00    0,00    0,00    0,00     1      0,00      0,00 4281796  367208   4,81     136      36      0,00      0,00      0,00       0  |__java
 1498231175  1000         0     31711    0,00    0,00    0,00    0,00     0      0,00      0,00 4281796  367208   4,81     136      36      0,00      0,00      0,00       0  |__java
 1498231175  1000         0     31712    0,00    0,00    0,00    0,00     1      0,00      0,00 4281796  367208   4,81     136      36      0,00      0,00      0,00       0  |__java
 1498231175  1000         0     31713    0,00    0,00    0,00    0,00     0      0,00      0,00 4281796  367208   4,81     136      36      0,00      0,00      0,00       0  |__java
 1498231175  1000         0     31714    0,00    0,00    0,00    0,00     2      0,00      0,00 4281796  367208   4,81     136      36      0,00      0,00      0,00       0  |__java
 1498231175  1000         0     31715    0,00    0,00    0,00    0,00     0      0,00      0,00 4281796  367208   4,81     136      36      0,00      0,00      0,00       0  |__java
 1498231175  1000         0     31716    0,00    0,00    0,00    0,00     0      0,00      0,00 4281796  367208   4,81     136      36      0,00      0,00      0,00       0  |__java
 1498231175  1000         0     31717    0,00    0,00    0,00    0,00     0      0,00      0,00 4281796  367208   4,81     136      36      0,00      0,00      0,00       0  |__java

#      Time   UID      TGID       TID    %usr %system  %guest    %CPU   CPU  minflt/s  majflt/s     VSZ     RSS   %MEM StkSize  StkRef   kB_rd/s   kB_wr/s kB_ccwr/s iodelay  Command
 1498231178  1000     31702         0   94,00    4,33    0,00   98,33     1  20332,00      0,00 4281796  611352   8,01     136      36      0,00      0,00      0,00       0  java
 1498231178  1000         0     31702    0,00    0,00    0,00    0,00     1      0,00      0,00 4281796  611352   8,01     136      36      0,00      0,00      0,00       0  |__java
 1498231178  1000         0     31704   94,00    4,00    0,00   98,00     1  20308,67      0,00 4281796  611352   8,01     136      36      0,00      0,00      0,00       0  |__java
 1498231178  1000         0     31705    0,00    0,00    0,00    0,00     0      0,00      0,00 4281796  611352   8,01     136      36      0,00      0,00      0,00       0  |__java
 1498231178  1000         0     31706    0,00    0,00    0,00    0,00     2      0,00      0,00 4281796  611352   8,01     136      36      0,00      0,00      0,00       0  |__java
 1498231178  1000         0     31707    0,00    0,00    0,00    0,00     0      0,33      0,00 4281796  611352   8,01     136      36      0,00      0,00      0,00       0  |__java
 1498231178  1000         0     31708    0,33    0,00    0,00    0,33     0      1,00      0,00 4281796  611352   8,01     136      36      0,00      0,00      0,00       0  |__java
 1498231178  1000         0     31709    0,00    0,00    0,00    0,00     1     22,00      0,00 4281796  611352   8,01     136      36      0,00      0,00      0,00       0  |__java
 1498231178  1000         0     31710    0,00    0,00    0,00    0,00     1      0,00      0,00 4281796  611352   8,01     136      36      0,00      0,00      0,00       0  |__java
 1498231178  1000         0     31711    0,00    0,00    0,00    0,00     0      0,00      0,00 4281796  611352   8,01     136      36      0,00      0,00      0,00       0  |__java
 1498231178  1000         0     31712    0,00    0,00    0,00    0,00     1      0,00      0,00 4281796  611352   8,01     136      36      0,00      0,00      0,00       0  |__java
 1498231178  1000         0     31713    0,00    0,00    0,00    0,00     0      0,00      0,00 4281796  611352   8,01     136      36      0,00      0,00      0,00       0  |__java
 1498231178  1000         0     31714    0,00    0,00    0,00    0,00     2      0,00      0,00 4281796  611352   8,01     136      36      0,00      0,00      0,00       0  |__java
 1498231178  1000         0     31715    0,00    0,00    0,00    0,00     0      0,00      0,00 4281796  611352   8,01     136      36      0,00      0,00      0,00       0  |__java
 1498231178  1000         0     31716    0,00    0,00    0,00    0,00     0      0,00      0,00 4281796  611352   8,01     136      36      0,00      0,00      0,00       0  |__java
 1498231178  1000         0     31717    0,33    0,00    0,00    0,33     0      0,00      0,00 4281796  611352   8,01     136      36      0,00      0,00      0,00       0  |__java

#      Time   UID      TGID       TID    %usr %system  %guest    %CPU   CPU  minflt/s  majflt/s     VSZ     RSS   %MEM StkSize  StkRef   kB_rd/s   kB_wr/s kB_ccwr/s iodelay  Command
 1498231181  1000     31702         0  100,00    3,00    0,00  100,00     1   7671,67      0,00 4281796  703028   9,22     136      36      0,00      0,00      0,00       0  java
 1498231181  1000         0     31702    0,00    0,00    0,00    0,00     1      0,00      0,00 4281796  703028   9,22     136      36      0,00      0,00      0,00       0  |__java
 1498231181  1000         0     31704   89,67    0,33    0,00   90,00     2      0,33      0,00 4281796  703028   9,22     136      36      0,00      0,00      0,00       0  |__java
 1498231181  1000         0     31705    7,00    0,00    0,00    7,00     0      4,67      0,00 4281796  703028   9,22     136      36      0,00      0,00      0,00       0  |__java
 1498231181  1000         0     31706    5,00    2,00    0,00    7,00     0   7197,00      0,00 4281796  703028   9,22     136      36      0,00      0,00      0,00       0  |__java
 1498231181  1000         0     31707    5,33    0,00    0,00    5,33     0      8,33      0,00 4281796  703028   9,22     136      36      0,00      0,00      0,00       0  |__java
 1498231181  1000         0     31708    7,33    0,00    0,00    7,33     1      0,67      0,00 4281796  703028   9,22     136      36      0,00      0,00      0,00       0  |__java
 1498231181  1000         0     31709    0,67    0,00    0,00    0,67     1    460,67      0,00 4281796  703028   9,22     136      36      0,00      0,00      0,00       0  |__java
 1498231181  1000         0     31710    0,00    0,00    0,00    0,00     1      0,00      0,00 4281796  703028   9,22     136      36      0,00      0,00      0,00       0  |__java
 1498231181  1000         0     31711    0,00    0,00    0,00    0,00     0      0,00      0,00 4281796  703028   9,22     136      36      0,00      0,00      0,00       0  |__java
 1498231181  1000         0     31712    0,00    0,00    0,00    0,00     1      0,00      0,00 4281796  703028   9,22     136      36      0,00      0,00      0,00       0  |__java
 1498231181  1000         0     31713    0,00    0,00    0,00    0,00     0      0,00      0,00 4281796  703028   9,22     136      36      0,00      0,00      0,00       0  |__java
 1498231181  1000         0     31714    0,00    0,00    0,00    0,00     2      0,00      0,00 4281796  703028   9,22     136      36      0,00      0,00      0,00       0  |__java
 1498231181  1000         0     31715    0,00    0,00    0,00    0,00     2      0,00      0,00 4281796  703028   9,22     136      36      0,00      0,00      0,00       0  |__java
 1498231181  1000         0     31716    0,00    0,00    0,00    0,00     0      0,00      0,00 4281796  703028   9,22     136      36      0,00      0,00      0,00       0  |__java
 1498231181  1000         0     31717    0,00    0,00    0,00    0,00     0      0,00      0,00 4281796  703028   9,22     136      36      0,00      0,00      0,00       0  |__java

#      Time   UID      TGID       TID    %usr %system  %guest    %CPU   CPU  minflt/s  majflt/s     VSZ     RSS   %MEM StkSize  StkRef   kB_rd/s   kB_wr/s kB_ccwr/s iodelay  Command
 1498231184  1000     31702         0   98,00    1,00    0,00   99,00     1   3947,00      0,00 4281796  750540   9,84     136      36      0,00      0,00      0,00       0  java
 1498231184  1000         0     31702    0,00    0,00    0,00    0,00     1      0,00      0,00 4281796  751860   9,86     136      36      0,00      0,00      0,00       0  |__java
 1498231184  1000         0     31704   98,00    1,00    0,00   99,00     2   4173,00      0,00 4281796  753180   9,87     136      36      0,00      0,00      0,00       0  |__java
 1498231184  1000         0     31705    0,00    0,00    0,00    0,00     0      0,00      0,00 4281796  754500   9,89     136      36      0,00      0,00      0,00       0  |__java
 1498231184  1000         0     31706    0,00    0,00    0,00    0,00     0      0,00      0,00 4281796  755820   9,91     136      36      0,00      0,00      0,00       0  |__java
 1498231184  1000         0     31707    0,00    0,00    0,00    0,00     0      0,00      0,00 4281796  757140   9,93     136      36      0,00      0,00      0,00       0  |__java
 1498231184  1000         0     31708    0,00    0,00    0,00    0,00     1      0,00      0,00 4281796  758460   9,94     136      36      0,00      0,00      0,00       0  |__java
 1498231184  1000         0     31709    0,00    0,00    0,00    0,00     1      0,00      0,00 4281796  760044   9,96     136      36      0,00      0,00      0,00       0  |__java
 1498231184  1000         0     31710    0,00    0,00    0,00    0,00     1      0,00      0,00 4281796  761364   9,98     136      36      0,00      0,00      0,00       0  |__java
 1498231184  1000         0     31711    0,00    0,00    0,00    0,00     0      0,00      0,00 4281796  762684  10,00     136      36      0,00      0,00      0,00       0  |__java
 1498231184  1000         0     31712    0,00    0,00    0,00    0,00     1      0,00      0,00 4281796  764004  10,02     136      36      0,00      0,00      0,00       0  |__java
 1498231184  1000         0     31713    0,00    0,00    0,00    0,00     0      0,00      0,00 4281796  765324  10,03     136      36      0,00      0,00      0,00       0  |__java
 1498231184  1000         0     31714    0,00    0,00    0,00    0,00     2      0,00      0,00 4281796  766644  10,05     136      36      0,00      0,00      0,00       0  |__java
 1498231184  1000         0     31715    0,00    0,00    0,00    0,00     2      0,00      0,00 4281796  767964  10,07     136      36      0,00      0,00      0,00       0  |__java
 1498231184  1000         0     31716    0,00    0,00    0,00    0,00     0      0,00      0,00 4281796  769284  10,08     136      36      0,00      0,00      0,00       0  |__java
 1498231184  1000         0     31717    0,00    0,00    0,00    0,00     1      0,00      0,00 4281796  770604  10,10     136      36      0,00      0,00      0,00       0  |__java

#      Time   UID      TGID       TID    %usr %system  %guest    %CPU   CPU  minflt/s  majflt/s     VSZ     RSS   %MEM StkSize  StkRef   kB_rd/s   kB_wr/s kB_ccwr/s iodelay  Command
 1498231187  1000     31702         0   98,33    1,67    0,00  100,00     1   7401,00      0,00 4281796  839244  11,00     136      36      0,00      0,00      0,00       0  java
 1498231187  1000         0     31702    0,00    0,00    0,00    0,00     1      0,00      0,00 4281796  839244  11,00     136      36      0,00      0,00      0,00       0  |__java
 1498231187  1000         0     31704   98,00    1,67    0,00   99,67     2   7173,67      0,00 4281796  839244  11,00     136      36      0,00      0,00      0,00       0  |__java
 1498231187  1000         0     31705    0,00    0,00    0,00    0,00     2      0,00      0,00 4281796  839244  11,00     136      36      0,00      0,00      0,00       0  |__java
 1498231187  1000         0     31706    0,00    0,00    0,00    0,00     3      0,00      0,00 4281796  839244  11,00     136      36      0,00      0,00      0,00       0  |__java
 1498231187  1000         0     31707    0,00    0,00    0,00    0,00     0      0,33      0,00 4281796  839244  11,00     136      36      0,00      0,00      0,00       0  |__java
 1498231187  1000         0     31708    0,00    0,00    0,00    0,00     0      1,00      0,00 4281796  839244  11,00     136      36      0,00      0,00      0,00       0  |__java
 1498231187  1000         0     31709    0,00    0,00    0,00    0,00     1      0,00      0,00 4281796  839244  11,00     136      36      0,00      0,00      0,00       0  |__java
 1498231187  1000         0     31710    0,00    0,00    0,00    0,00     1      0,00      0,00 4281796  839244  11,00     136      36      0,00      0,00      0,00       0  |__java
 1498231187  1000         0     31711    0,00    0,00    0,00    0,00     0      0,00      0,00 4281796  839244  11,00     136      36      0,00      0,00      0,00       0  |__java
 1498231187  1000         0     31712    0,00    0,00    0,00    0,00     1      0,00      0,00 4281796  839244  11,00     136      36      0,00      0,00      0,00       0  |__java
 1498231187  1000         0     31713    0,00    0,00    0,00    0,00     0      0,00      0,00 4281796  839244  11,00     136      36      0,00      0,00      0,00       0  |__java
 1498231187  1000         0     31714    0,00    0,00    0,00    0,00     3      0,00      0,00 4281796  839244  11,00     136      36      0,00      0,00      0,00       0  |__java
 1498231187  1000         0     31715    0,00    0,00    0,00    0,00     3      0,00      0,00 4281796  839244  11,00     136      36      0,00      0,00      0,00       0  |__java
 1498231187  1000         0     31716    0,00    0,00    0,00    0,00     0      0,00      0,00 4281796  839244  11,00     136      36      0,00      0,00      0,00       0  |__java
 1498231187  1000         0     31717    0,00    0,00    0,00    0,00     0      0,00      0,00 4281796  839244  11,00     136      36      0,00      0,00      0,00       0  |__java

#      Time   UID      TGID       TID    %usr %system  %guest    %CPU   CPU  minflt/s  majflt/s     VSZ     RSS   %MEM StkSize  StkRef   kB_rd/s   kB_wr/s kB_ccwr/s iodelay  Command
 1498231190  1000     31702         0  100,00    0,00    0,00  100,00     1      1,33      0,00 4281796  839244  11,00     136      36      0,00      0,00      0,00       0  java
 1498231190  1000         0     31704  100,00    0,00    0,00  100,00     2      0,33      0,00 4281796  839244  11,00     136      36      0,00      0,00      0,00       0  |__java
 1498231190  1000         0     31705    0,00    0,00    0,00    0,00     1      1,00      0,00 4281796  839244  11,00     136      36      0,00      0,00      0,00       0  |__java
 1498231190  1000         0     31709    0,00    0,33    0,00    0,33     0      0,00      0,00 4281796  839244  11,00     136      36      0,00      0,00      0,00       0  |__java
 1498231190  1000         0     31717    0,33    0,00    0,00    0,33     0      0,00      0,00 4281796  839244  11,00     136      36      0,00      0,00      0,00       0  |__java

#      Time   UID      TGID       TID    %usr %system  %guest    %CPU   CPU  minflt/s  majflt/s     VSZ     RSS   %MEM StkSize  StkRef   kB_rd/s   kB_wr/s kB_ccwr/s iodelay  Command
 1498231193  1000     31702         0  100,00    2,33    0,00  100,00     1   7924,67      0,00 4281796  934208  12,25     136      36      0,00      0,00      0,00       0  java
 1498231193  1000         0     31702    0,00    0,00    0,00    0,00     1      0,00      0,00 4281796  934208  12,25     136      36      0,00      0,00      0,00       0  |__java
 1498231193  1000         0     31704   90,67    0,00    0,00   90,67     2      0,33      0,00 4281796  934208  12,25     136      36      0,00      0,00      0,00       0  |__java
 1498231193  1000         0     31705    9,00    0,00    0,00    9,00     1      0,00      0,00 4281796  934208  12,25     136      36      0,00      0,00      0,00       0  |__java
 1498231193  1000         0     31706    6,00    0,33    0,00    6,33     0      1,67      0,00 4281796  934208  12,25     136      36      0,00      0,00      0,00       0  |__java
 1498231193  1000         0     31707    6,33    0,00    0,00    6,33     0      0,33      0,00 4281796  934208  12,25     136      36      0,00      0,00      0,00       0  |__java
 1498231193  1000         0     31708    6,67    2,00    0,00    8,67     2   7670,00      0,00 4281796  934208  12,25     136      36      0,00      0,00      0,00       0  |__java
 1498231193  1000         0     31709    0,33    0,00    0,00    0,33     1    252,33      0,00 4281796  934208  12,25     136      36      0,00      0,00      0,00       0  |__java
 1498231193  1000         0     31710    0,00    0,00    0,00    0,00     1      0,00      0,00 4281796  934208  12,25     136      36      0,00      0,00      0,00       0  |__java
 1498231193  1000         0     31711    0,00    0,00    0,00    0,00     0      0,00      0,00 4281796  934208  12,25     136      36      0,00      0,00      0,00       0  |__java
 1498231193  1000         0     31712    0,00    0,00    0,00    0,00     1      0,00      0,00 4281796  934208  12,25     136      36      0,00      0,00      0,00       0  |__java
 1498231193  1000         0     31713    0,00    0,00    0,00    0,00     0      0,00      0,00 4281796  934208  12,25     136      36      0,00      0,00      0,00       0  |__java
 1498231193  1000         0     31714    0,00    0,00    0,00    0,00     0      0,00      0,00 4281796  934208  12,25     136      36      0,00      0,00      0,00       0  |__java
 1498231193  1000         0     31715    0,00    0,00    0,00    0,00     0      0,00      0,00 4281796  934208  12,25     136      36      0,00      0,00      0,00       0  |__java
 1498231193  1000         0     31716    0,00    0,00    0,00    0,00     0      0,00      0,00 4281796  934208  12,25     136      36      0,00      0,00      0,00       0  |__java
 1498231193  1000         0     31717    0,00    0,00    0,00    0,00     1      0,00      0,00 4281796  934208  12,25     136      36      0,00      0,00      0,00       0  |__java

#      Time   UID      TGID       TID    %usr %system  %guest    %CPU   CPU  minflt/s  majflt/s     VSZ     RSS   %MEM StkSize  StkRef   kB_rd/s   kB_wr/s kB_ccwr/s iodelay  Command
 1498231196  1000     31702         0   98,67    0,00    0,00   98,67     1      1,67      0,00 4281796  934208  12,25     136      36      0,00      0,00      0,00       0  java
 1498231196  1000         0     31704   98,33    0,00    0,00   98,33     2      0,33      0,00 4281796  934208  12,25     136      36      0,00      0,00      0,00       0  |__java
 1498231196  1000         0     31706    0,00    0,00    0,00    0,00     1      0,33      0,00 4281796  934208  12,25     136      36      0,00      0,00      0,00       0  |__java
 1498231196  1000         0     31707    0,33    0,00    0,00    0,33     0      1,00      0,00 4281796  934208  12,25     136      36      0,00      0,00      0,00       0  |__java
 1498231196  1000         0     31717    0,00    0,33    0,00    0,33     0      0,00      0,00 4281796  934208  12,25     136      36      0,00      0,00      0,00       0  |__java

#      Time   UID      TGID       TID    %usr %system  %guest    %CPU   CPU  minflt/s  majflt/s     VSZ     RSS   %MEM StkSize  StkRef   kB_rd/s   kB_wr/s kB_ccwr/s iodelay  Command
 1498231200  1000     31702         0  100,00    0,00    0,00  100,00     1     85,33      0,00 4281796  935248  12,26     136      36      0,00      0,00      0,00       0  java
 1498231200  1000         0     31702    0,00    0,00    0,00    0,00     1      0,00      0,00 4281796  935248  12,26     136      36      0,00      0,00      0,00       0  |__java
 1498231200  1000         0     31704  100,00    0,00    0,00  100,00     2     84,33      0,00 4281796  935248  12,26     136      36      0,00      0,00      0,00       0  |__java
 1498231200  1000         0     31705    0,33    0,00    0,00    0,33     0      1,00      0,00 4281796  935248  12,26     136      36      0,00      0,00      0,00       0  |__java
 1498231200  1000         0     31706    0,33    0,00    0,00    0,33     1      0,00      0,00 4281796  935248  12,26     136      36      0,00      0,00      0,00       0  |__java
 1498231200  1000         0     31707    0,00    0,00    0,00    0,00     0      0,00      0,00 4281796  935248  12,26     136      36      0,00      0,00      0,00       0  |__java
 1498231200  1000         0     31708    0,33    0,00    0,00    0,33     1      0,00      0,00 4281796  935248  12,26     136      36      0,00      0,00      0,00       0  |__java
 1498231200  1000         0     31709    0,00    0,00    0,00    0,00     0      0,00      0,00 4281796  935248  12,26     136      36      0,00      0,00      0,00       0  |__java
 1498231200  1000         0     31710    0,00    0,00    0,00    0,00     1      0,00      0,00 4281796  935248  12,26     136      36      0,00      0,00      0,00       0  |__java
 1498231200  1000         0     31711    0,00    0,00    0,00    0,00     0      0,00      0,00 4281796  935248  12,26     136      36      0,00      0,00      0,00       0  |__java
 1498231200  1000         0     31712    0,00    0,00    0,00    0,00     1      0,00      0,00 4281796  935248  12,26     136      36      0,00      0,00      0,00       0  |__java
 1498231200  1000         0     31713    0,00    0,00    0,00    0,00     0      0,00      0,00 4281796  935248  12,26     136      36      0,00      0,00      0,00       0  |__java
 1498231200  1000         0     31714    0,00    0,00    0,00    0,00     0      0,00      0,00 4281796  935248  12,26     136      36      0,00      0,00      0,00       0  |__java
 1498231200  1000         0     31715    0,00    0,00    0,00    0,00     1      0,00      0,00 4281796  935248  12,26     136      36      0,00      0,00      0,00       0  |__java
 1498231200  1000         0     31716    0,00    0,00    0,00    0,00     0      0,00      0,00 4281796  935248  12,26     136      36      0,00      0,00      0,00       0  |__java
 1498231200  1000         0     31717    0,33    0,00    0,00    0,33     0      0,00      0,00 4281796  935248  12,26     136      36      0,00      0,00      0,00       0  |__java

#      Time   UID      TGID       TID    %usr %system  %guest    %CPU   CPU  minflt/s  majflt/s     VSZ     RSS   %MEM StkSize  StkRef   kB_rd/s   kB_wr/s kB_ccwr/s iodelay  Command
 1498231202  1000     31702         0   96,67    0,00    0,00   96,67     1      0,00      0,00 4281796  935248  12,26     136      36      0,00      0,00      0,00       0  java
 1498231202  1000         0     31704   96,67    0,00    0,00   96,67     2      0,00      0,00 4281796  935248  12,26     136      36      0,00      0,00      0,00       0  |__java

#      Time   UID      TGID       TID    %usr %system  %guest    %CPU   CPU  minflt/s  majflt/s     VSZ     RSS   %MEM StkSize  StkRef   kB_rd/s   kB_wr/s kB_ccwr/s iodelay  Command
 1498231205  1000     31702         0  100,00    0,33    0,00  100,00     1      0,67      0,00 4281796  935248  12,26     136      36      0,00      0,00      0,00       0  java
 1498231205  1000         0     31704  100,00    0,33    0,00  100,00     3      0,33      0,00 4281796  935248  12,26     136      36      0,00      0,00      0,00 9767151  |__java
 1498231205  1000         0     31708    0,00    0,00    0,00    0,00     2      0,33      0,00 4281796  935248  12,26     136      36      0,00      0,00      0,00       0  |__java
 1498231205  1000         0     31709    0,33    0,00    0,00    0,33     1      0,00      0,00 4281796  935248  12,26     136      36      0,00      0,00      0,00       0  |__java

#      Time   UID      TGID       TID    %usr %system  %guest    %CPU   CPU  minflt/s  majflt/s     VSZ     RSS   %MEM StkSize  StkRef   kB_rd/s   kB_wr/s kB_ccwr/s iodelay  Command
 1498231208  1000     31702         0   98,67    0,33    0,00   99,00     1      0,33      0,00 4281796  935248  12,26     136      36      0,00      0,00      0,00       0  java
 1498231208  1000         0     31704   98,33    0,00    0,00   98,33     1      0,33      0,00 4281796  935248  12,26     136      36      0,00      0,00      0,00 9767364  |__java
 1498231208  1000         0     31717    0,33    0,00    0,00    0,33     3      0,00      0,00 4281796  935248  12,26     136      36      0,00      0,00      0,00       0  |__java

#      Time   UID      TGID       TID    %usr %system  %guest    %CPU   CPU  minflt/s  majflt/s     VSZ     RSS   %MEM StkSize  StkRef   kB_rd/s   kB_wr/s kB_ccwr/s iodelay  Command
 1498231211  1000     31702         0  100,00    6,00    0,00  100,00     1  22336,00      0,00 4281796 1203092  15,77     136      36      0,00      0,00      0,00       0  java
 1498231211  1000         0     31702    0,00    0,00    0,00    0,00     1      0,00      0,00 4281796 1203092  15,77     136      36      0,00      0,00      0,00       0  |__java
 1498231211  1000         0     31704   78,33    0,33    0,00   78,67     3      0,00      0,00 4281796 1203092  15,77     136      36      0,00      0,00      0,00 9767792  |__java
 1498231211  1000         0     31705   13,67    0,00    0,00   13,67     1      0,33      0,00 4281796 1203092  15,77     136      36      0,00      0,00      0,00       0  |__java
 1498231211  1000         0     31706   14,33    0,33    0,00   14,67     1      1,33      0,00 4281796 1203092  15,77     136      36      0,00      0,00      0,00       0  |__java
 1498231211  1000         0     31707   12,00    5,33    0,00   17,33     3  21619,67      0,00 4281796 1203092  15,77     136      36      0,00      0,00      0,00       0  |__java
 1498231211  1000         0     31708   13,33    0,00    0,00   13,33     0      0,67      0,00 4281796 1203092  15,77     136      36      0,00      0,00      0,00       0  |__java
 1498231211  1000         0     31709    0,67    0,33    0,00    1,00     0    713,67      0,00 4281796 1203092  15,77     136      36      0,00      0,00      0,00       0  |__java
 1498231211  1000         0     31710    0,00    0,00    0,00    0,00     1      0,00      0,00 4281796 1203092  15,77     136      36      0,00      0,00      0,00       0  |__java
 1498231211  1000         0     31711    0,00    0,00    0,00    0,00     0      0,00      0,00 4281796 1203092  15,77     136      36      0,00      0,00      0,00       0  |__java
 1498231211  1000         0     31712    0,00    0,00    0,00    0,00     1      0,00      0,00 4281796 1203092  15,77     136      36      0,00      0,00      0,00       0  |__java
 1498231211  1000         0     31713    0,00    0,00    0,00    0,00     1      0,00      0,00 4281796 1203092  15,77     136      36      0,00      0,00      0,00       0  |__java
 1498231211  1000         0     31714    0,00    0,00    0,00    0,00     1      0,00      0,00 4281796 1203092  15,77     136      36      0,00      0,00      0,00       0  |__java
 1498231211  1000         0     31715    0,00    0,00    0,00    0,00     1      0,33      0,00 4281796 1203092  15,77     136      36      0,00      0,00      0,00       0  |__java
 1498231211  1000         0     31716    0,00    0,00    0,00    0,00     0      0,00      0,00 4281796 1203092  15,77     136      36      0,00      0,00      0,00       0  |__java
 1498231211  1000         0     31717    0,00    0,00    0,00    0,00     0      0,00      0,00 4281796 1203092  15,77     136      36      0,00      0,00      0,00       0  |__java

#      Time   UID      TGID       TID    %usr %system  %guest    %CPU   CPU  minflt/s  majflt/s     VSZ     RSS   %MEM StkSize  StkRef   kB_rd/s   kB_wr/s kB_ccwr/s iodelay  Command
 1498231215  1000     31702         0  100,00    0,67    0,00  100,00     1     86,00      0,00 4281796 1204136  15,78     136      36      0,00      0,00      0,00       0  java
 1498231215  1000         0     31702    0,00    0,00    0,00    0,00     1      0,00      0,00 4281796 1204136  15,78     136      36      0,00      0,00      0,00       0  |__java
 1498231215  1000         0     31704  100,00    0,67    0,00  100,00     3     84,67      0,00 4281796 1204136  15,78     136      36      0,00      0,00      0,00 29304193  |__java
 1498231215  1000         0     31705    0,33    0,00    0,00    0,33     1      0,00      0,00 4281796 1204136  15,78     136      36      0,00      0,00      0,00       0  |__java
 1498231215  1000         0     31706    0,33    0,00    0,00    0,33     1      0,00      0,00 4281796 1204136  15,78     136      36      0,00      0,00      0,00       0  |__java
 1498231215  1000         0     31707    0,33    0,00    0,00    0,33     1      0,33      0,00 4281796 1204136  15,78     136      36      0,00      0,00      0,00       0  |__java
 1498231215  1000         0     31708    0,33    0,00    0,00    0,33     1      1,00      0,00 4281796 1204136  15,78     136      36      0,00      0,00      0,00       0  |__java
 1498231215  1000         0     31709    0,00    0,00    0,00    0,00     1      0,00      0,00 4281796 1204136  15,78     136      36      0,00      0,00      0,00       0  |__java
 1498231215  1000         0     31710    0,00    0,00    0,00    0,00     1      0,00      0,00 4281796 1204136  15,78     136      36      0,00      0,00      0,00       0  |__java
 1498231215  1000         0     31711    0,00    0,00    0,00    0,00     0      0,00      0,00 4281796 1204136  15,78     136      36      0,00      0,00      0,00       0  |__java
 1498231215  1000         0     31712    0,00    0,00    0,00    0,00     1      0,00      0,00 4281796 1204136  15,78     136      36      0,00      0,00      0,00       0  |__java
 1498231215  1000         0     31713    0,00    0,00    0,00    0,00     1      0,00      0,00 4281796 1204136  15,78     136      36      0,00      0,00      0,00       0  |__java
 1498231215  1000         0     31714    0,00    0,00    0,00    0,00     1      0,00      0,00 4281796 1204136  15,78     136      36      0,00      0,00      0,00       0  |__java
 1498231215  1000         0     31715    0,00    0,00    0,00    0,00     1      0,00      0,00 4281796 1204136  15,78     136      36      0,00      0,00      0,00       0  |__java
 1498231215  1000         0     31716    0,00    0,00    0,00    0,00     0      0,00      0,00 4281796 1204136  15,78     136      36      0,00      0,00      0,00       0  |__java
 1498231215  1000         0     31717    0,00    0,00    0,00    0,00     1      0,00      0,00 4281796 1204136  15,78     136      36      0,00      0,00      0,00       0  |__java

#      Time   UID      TGID       TID    %usr %system  %guest    %CPU   CPU  minflt/s  majflt/s     VSZ     RSS   %MEM StkSize  StkRef   kB_rd/s   kB_wr/s kB_ccwr/s iodelay  Command
 1498231217  1000     31702         0   95,67    0,67    0,00   96,33     1      0,00      0,00 4281796 1204136  15,78     136      36      0,00      0,00      0,00       0  java
 1498231217  1000         0     31704   95,00    0,67    0,00   95,67     3      0,00      0,00 4281796 1204136  15,78     136      36      0,00      0,00      0,00 19536649  |__java

#      Time   UID      TGID       TID    %usr %system  %guest    %CPU   CPU  minflt/s  majflt/s     VSZ     RSS   %MEM StkSize  StkRef   kB_rd/s   kB_wr/s kB_ccwr/s iodelay  Command
 1498231220  1000     31702         0  100,00    0,67    0,00  100,00     1      1,33      0,00 4281796 1204136  15,78     136      36      0,00      0,00      0,00       0  java
 1498231220  1000         0     31704   99,00    0,33    0,00   99,33     3      0,33      0,00 4281796 1204136  15,78     136      36      0,00      0,00      0,00 29305931  |__java
 1498231220  1000         0     31705    0,33    0,00    0,00    0,33     2      0,00      0,00 4281796 1204136  15,78     136      36      0,00      0,00      0,00       0  |__java
 1498231220  1000         0     31707    0,33    0,00    0,00    0,33     3      1,00      0,00 4281796 1204136  15,78     136      36      0,00      0,00      0,00       0  |__java
 1498231220  1000         0     31708    0,33    0,00    0,00    0,33     0      0,00      0,00 4281796 1204136  15,78     136      36      0,00      0,00      0,00       0  |__java
 1498231220  1000         0     31717    0,33    0,00    0,00    0,33     0      0,00      0,00 4281796 1204136  15,78     136      36      0,00      0,00      0,00       0  |__java

#      Time   UID      TGID       TID    %usr %system  %guest    %CPU   CPU  minflt/s  majflt/s     VSZ     RSS   %MEM StkSize  StkRef   kB_rd/s   kB_wr/s kB_ccwr/s iodelay  Command
 1498231223  1000     31702         0  100,00    0,33    0,00  100,00     1     85,33      0,00 4281796 1205184  15,80     136      36      0,00      0,00      0,00       0  java
 1498231223  1000         0     31702    0,00    0,00    0,00    0,00     1      0,00      0,00 4281796 1205184  15,80     136      36      0,00      0,00      0,00       0  |__java
 1498231223  1000         0     31704   99,00    0,33    0,00   99,33     3     84,33      0,00 4281796 1205184  15,80     136      36      0,00      0,00      0,00 19537929  |__java
 1498231223  1000         0     31705    0,33    0,00    0,00    0,33     3      0,00      0,00 4281796 1205184  15,80     136      36      0,00      0,00      0,00       0  |__java
 1498231223  1000         0     31706    0,00    0,00    0,00    0,00     1      0,00      0,00 4281796 1205184  15,80     136      36      0,00      0,00      0,00       0  |__java
 1498231223  1000         0     31707    0,00    0,00    0,00    0,00     0      0,67      0,00 4281796 1205184  15,80     136      36      0,00      0,00      0,00       0  |__java
 1498231223  1000         0     31708    0,00    0,00    0,00    0,00     1      0,33      0,00 4281796 1205184  15,80     136      36      0,00      0,00      0,00       0  |__java
 1498231223  1000         0     31709    0,00    0,00    0,00    0,00     0      0,00      0,00 4281796 1205184  15,80     136      36      0,00      0,00      0,00       0  |__java
 1498231223  1000         0     31710    0,00    0,00    0,00    0,00     1      0,00      0,00 4281796 1205184  15,80     136      36      0,00      0,00      0,00       0  |__java
 1498231223  1000         0     31711    0,00    0,00    0,00    0,00     0      0,00      0,00 4281796 1205184  15,80     136      36      0,00      0,00      0,00       0  |__java
 1498231223  1000         0     31712    0,00    0,00    0,00    0,00     1      0,00      0,00 4281796 1205184  15,80     136      36      0,00      0,00      0,00       0  |__java
 1498231223  1000         0     31713    0,00    0,00    0,00    0,00     1      0,00      0,00 4281796 1205184  15,80     136      36      0,00      0,00      0,00       0  |__java
 1498231223  1000         0     31714    0,00    0,00    0,00    0,00     1      0,00      0,00 4281796 1205184  15,80     136      36      0,00      0,00      0,00       0  |__java
 1498231223  1000         0     31715    0,00    0,00    0,00    0,00     0      0,00      0,00 4281796 1205184  15,80     136      36      0,00      0,00      0,00       0  |__java
 1498231223  1000         0     31716    0,00    0,00    0,00    0,00     0      0,00      0,00 4281796 1205184  15,80     136      36      0,00      0,00      0,00       0  |__java
 1498231223  1000         0     31717    0,00    0,00    0,00    0,00     1      0,00      0,00 4281796 1205184  15,80     136      36      0,00      0,00      0,00       0  |__java

#      Time   UID      TGID       TID    %usr %system  %guest    %CPU   CPU  minflt/s  majflt/s     VSZ     RSS   %MEM StkSize  StkRef   kB_rd/s   kB_wr/s kB_ccwr/s iodelay  Command
 1498231226  1000     31702         0  100,00    0,67    0,00  100,00     1      0,33      0,00 4281796 1205184  15,80     136      36      0,00      0,00      0,00       0  java
 1498231226  1000         0     31704   98,67    0,67    0,00   99,33     3      0,33      0,00 4281796 1205184  15,80     136      36      0,00      0,00      0,00 29307985  |__java
 1498231226  1000         0     31705    0,33    0,00    0,00    0,33     0      0,00      0,00 4281796 1205184  15,80     136      36      0,00      0,00      0,00       0  |__java
 1498231226  1000         0     31706    0,67    0,00    0,00    0,67     0      0,00      0,00 4281796 1205184  15,80     136      36      0,00      0,00      0,00       0  |__java
 1498231226  1000         0     31707    0,33    0,00    0,00    0,33     0      0,00      0,00 4281796 1205184  15,80     136      36      0,00      0,00      0,00       0  |__java
 1498231226  1000         0     31708    0,33    0,00    0,00    0,33     0      0,00      0,00 4281796 1205184  15,80     136      36      0,00      0,00      0,00       0  |__java
 1498231226  1000         0     31709    0,33    0,00    0,00    0,33     3      0,00      0,00 4281796 1205184  15,80     136      36      0,00      0,00      0,00       0  |__java
 1498231226  1000         0     31717    0,33    0,00    0,00    0,33     0      0,00      0,00 4281796 1205184  15,80     136      36      0,00      0,00      0,00       0  |__java

#      Time   UID      TGID       TID    %usr %system  %guest    %CPU   CPU  minflt/s  majflt/s     VSZ     RSS   %MEM StkSize  StkRef   kB_rd/s   kB_wr/s kB_ccwr/s iodelay  Command
 1498231229  1000     31702         0   99,67    0,33    0,00  100,00     1      0,00      0,00 4281796 1205184  15,80     136      36      0,00      0,00      0,00       0  java
 1498231229  1000         0     31704   99,67    0,33    0,00  100,00     3      0,00      0,00 4281796 1205184  15,80     136      36      0,00      0,00      0,00 9769498  |__java
 1498231229  1000         0     31717    0,00    0,33    0,00    0,33     0      0,00      0,00 4281796 1205184  15,80     136      36      0,00      0,00      0,00       0  |__java

#      Time   UID      TGID       TID    %usr %system  %guest    %CPU   CPU  minflt/s  majflt/s     VSZ     RSS   %MEM StkSize  StkRef   kB_rd/s   kB_wr/s kB_ccwr/s iodelay  Command
 1498231232  1000     31702         0  100,00    1,33    0,00  100,00     1      1,00      0,00 4281796 1205184  15,80     136      36      0,00      0,00      0,00       0  java
 1498231232  1000         0     31704   98,33    1,00    0,00   99,33     3      0,33      0,00 4281796 1205184  15,80     136      36      0,00      0,00      0,00 39079530  |__java
 1498231232  1000         0     31705    0,67    0,00    0,00    0,67     2      0,67      0,00 4281796 1205184  15,80     136      36      0,00      0,00      0,00       0  |__java
 1498231232  1000         0     31707    0,67    0,00    0,00    0,67     2      0,00      0,00 4281796 1205184  15,80     136      36      0,00      0,00      0,00       0  |__java
 1498231232  1000         0     31708    0,67    0,00    0,00    0,67     1      0,00      0,00 4281796 1205184  15,80     136      36      0,00      0,00      0,00       0  |__java
 1498231232  1000         0     31714    0,00    0,33    0,00    0,33     0      0,00      0,00 4281796 1205184  15,80     136      36      0,00      0,00      0,00       0  |__java

#      Time   UID      TGID       TID    %usr %system  %guest    %CPU   CPU  minflt/s  majflt/s     VSZ     RSS   %MEM StkSize  StkRef   kB_rd/s   kB_wr/s kB_ccwr/s iodelay  Command
 1498231235  1000     31702         0  100,00    0,00    0,00  100,00     1      2,00      0,00 4281796 1205184  15,80     136      36      0,00      0,00      0,00       0  java
 1498231235  1000         0     31704   99,67    0,00    0,00   99,67     3      0,33      0,00 4281796 1205184  15,80     136      36      0,00      0,00      0,00 9770138  |__java
 1498231235  1000         0     31705    0,00    0,00    0,00    0,00     0      1,00      0,00 4281796 1205184  15,80     136      36      0,00      0,00      0,00       0  |__java
 1498231235  1000         0     31706    0,33    0,00    0,00    0,33     3      0,00      0,00 4281796 1205184  15,80     136      36      0,00      0,00      0,00       0  |__java
 1498231235  1000         0     31708    0,00    0,00    0,00    0,00     1      0,67      0,00 4281796 1205184  15,80     136      36      0,00      0,00      0,00       0  |__java
 1498231235  1000         0     31709    0,00    0,33    0,00    0,33     0      0,00      0,00 4281796 1205184  15,80     136      36      0,00      0,00      0,00       0  |__java

#      Time   UID      TGID       TID    %usr %system  %guest    %CPU   CPU  minflt/s  majflt/s     VSZ     RSS   %MEM StkSize  StkRef   kB_rd/s   kB_wr/s kB_ccwr/s iodelay  Command
 1498231238  1000     31702         0  100,00    0,33    0,00  100,00     1     83,67      0,00 4281796 1206224  15,81     136      36      0,00      0,00      0,00       0  java
 1498231238  1000         0     31702    0,00    0,00    0,00    0,00     1      0,00      0,00 4281796 1206224  15,81     136      36      0,00      0,00      0,00       0  |__java
 1498231238  1000         0     31704   99,33    0,33    0,00   99,67     3     83,00      0,00 4281796 1206224  15,81     136      36      0,00      0,00      0,00 39082005  |__java
 1498231238  1000         0     31705    0,33    0,00    0,00    0,33     1      0,00      0,00 4281796 1206224  15,81     136      36      0,00      0,00      0,00       0  |__java
 1498231238  1000         0     31706    0,00    0,00    0,00    0,00     3      0,00      0,00 4281796 1206224  15,81     136      36      0,00      0,00      0,00       0  |__java
 1498231238  1000         0     31707    0,00    0,00    0,00    0,00     0      0,00      0,00 4281796 1206224  15,81     136      36      0,00      0,00      0,00       0  |__java
 1498231238  1000         0     31708    0,00    0,00    0,00    0,00     1      0,67      0,00 4281796 1206224  15,81     136      36      0,00      0,00      0,00       0  |__java
 1498231238  1000         0     31709    0,00    0,00    0,00    0,00     0      0,00      0,00 4281796 1206224  15,81     136      36      0,00      0,00      0,00       0  |__java
 1498231238  1000         0     31710    0,00    0,00    0,00    0,00     1      0,00      0,00 4281796 1206224  15,81     136      36      0,00      0,00      0,00       0  |__java
 1498231238  1000         0     31711    0,00    0,00    0,00    0,00     0      0,00      0,00 4281796 1206224  15,81     136      36      0,00      0,00      0,00       0  |__java
 1498231238  1000         0     31712    0,00    0,00    0,00    0,00     1      0,00      0,00 4281796 1206224  15,81     136      36      0,00      0,00      0,00       0  |__java
 1498231238  1000         0     31713    0,00    0,00    0,00    0,00     0      0,00      0,00 4281796 1206224  15,81     136      36      0,00      0,00      0,00       0  |__java
 1498231238  1000         0     31714    0,00    0,00    0,00    0,00     0      0,00      0,00 4281796 1206224  15,81     136      36      0,00      0,00      0,00       0  |__java
 1498231238  1000         0     31715    0,00    0,00    0,00    0,00     0      0,00      0,00 4281796 1206224  15,81     136      36      0,00      0,00      0,00       0  |__java
 1498231238  1000         0     31716    0,00    0,00    0,00    0,00     0      0,00      0,00 4281796 1206224  15,81     136      36      0,00      0,00      0,00       0  |__java
 1498231238  1000         0     31717    0,00    0,00    0,00    0,00     0      0,00      0,00 4281796 1206224  15,81     136      36      0,00      0,00      0,00       0  |__java

#      Time   UID      TGID       TID    %usr %system  %guest    %CPU   CPU  minflt/s  majflt/s     VSZ     RSS   %MEM StkSize  StkRef   kB_rd/s   kB_wr/s kB_ccwr/s iodelay  Command
 1498231241  1000     31702         0   98,33    2,00    0,00  100,00     1      0,00      0,00 4281796 1206224  15,81     136      36      0,00      0,00      0,00       0  java
 1498231241  1000         0     31704   98,33    2,00    0,00  100,00     3      0,00      0,00 4281796 1206224  15,81     136      36      0,00      0,00      0,00 9770778  |__java
 1498231241  1000         0     31717    0,33    0,00    0,00    0,33     1      0,00      0,00 4281796 1206224  15,81     136      36      0,00      0,00      0,00       0  |__java

#      Time   UID      TGID       TID    %usr %system  %guest    %CPU   CPU  minflt/s  majflt/s     VSZ     RSS   %MEM StkSize  StkRef   kB_rd/s   kB_wr/s kB_ccwr/s iodelay  Command
 1498231244  1000     31702         0   99,33    0,67    0,00  100,00     1      0,67      0,00 4281796 1206224  15,81     136      36      0,00      0,00      0,00       0  java
 1498231244  1000         0     31704   98,33    0,67    0,00   99,00     3      0,33      0,00 4281796 1206224  15,81     136      36      0,00      0,00      0,00 29313275  |__java
 1498231244  1000         0     31706    0,67    0,00    0,00    0,67     1      0,00      0,00 4281796 1206224  15,81     136      36      0,00      0,00      0,00       0  |__java
 1498231244  1000         0     31708    0,00    0,00    0,00    0,00     0      0,33      0,00 4281796 1206224  15,81     136      36      0,00      0,00      0,00       0  |__java
 1498231244  1000         0     31717    0,00    0,33    0,00    0,33     0      0,00      0,00 4281796 1206224  15,81     136      36      0,00      0,00      0,00       0  |__java

#      Time   UID      TGID       TID    %usr %system  %guest    %CPU   CPU  minflt/s  majflt/s     VSZ     RSS   %MEM StkSize  StkRef   kB_rd/s   kB_wr/s kB_ccwr/s iodelay  Command
 1498231247  1000     31702         0  100,00    1,00    0,00  100,00     1      0,33      0,00 4281796 1206224  15,81     136      36      0,00      0,00      0,00       0  java
 1498231247  1000         0     31704   99,33    0,67    0,00  100,00     3      0,33      0,00 4281796 1206224  15,81     136      36      0,00      0,00      0,00 19542623  |__java
 1498231247  1000         0     31705    0,33    0,00    0,00    0,33     0      0,00      0,00 4281796 1206224  15,81     136      36      0,00      0,00      0,00       0  |__java
 1498231247  1000         0     31706    0,33    0,00    0,00    0,33     1      0,00      0,00 4281796 1206224  15,81     136      36      0,00      0,00      0,00       0  |__java
 1498231247  1000         0     31707    0,33    0,00    0,00    0,33     0      0,00      0,00 4281796 1206224  15,81     136      36      0,00      0,00      0,00       0  |__java
 1498231247  1000         0     31708    0,33    0,00    0,00    0,33     0      0,00      0,00 4281796 1206224  15,81     136      36      0,00      0,00      0,00       0  |__java

#      Time   UID      TGID       TID    %usr %system  %guest    %CPU   CPU  minflt/s  majflt/s     VSZ     RSS   %MEM StkSize  StkRef   kB_rd/s   kB_wr/s kB_ccwr/s iodelay  Command
 1498231251  1000     31702         0   89,70   10,63    0,00  100,00     1  42916,61      0,00 4281796 1724948  22,61     136      36      0,00      0,00      0,00       0  java
 1498231251  1000         0     31702    0,00    0,00    0,00    0,00     1      0,00      0,00 4281796 1724948  22,61     136      36      0,00      0,00      0,00       0  |__java
 1498231251  1000         0     31704   88,70   10,63    0,00   99,34     0  42915,61      0,00 4281796 1724948  22,61     136      36      0,00      0,00      0,00 29315109  |__java
 1498231251  1000         0     31705    0,33    0,00    0,00    0,33     1      0,00      0,00 4281796 1724948  22,61     136      36      0,00      0,00      0,00       0  |__java
 1498231251  1000         0     31706    0,33    0,00    0,00    0,33     3      1,00      0,00 4281796 1724948  22,61     136      36      0,00      0,00      0,00       0  |__java
 1498231251  1000         0     31707    0,33    0,00    0,00    0,33     1      0,00      0,00 4281796 1724948  22,61     136      36      0,00      0,00      0,00       0  |__java
 1498231251  1000         0     31708    0,00    0,00    0,00    0,00     3      0,00      0,00 4281796 1724948  22,61     136      36      0,00      0,00      0,00       0  |__java
 1498231251  1000         0     31709    0,00    0,00    0,00    0,00     3      0,00      0,00 4281796 1724948  22,61     136      36      0,00      0,00      0,00       0  |__java
 1498231251  1000         0     31710    0,00    0,00    0,00    0,00     1      0,00      0,00 4281796 1724948  22,61     136      36      0,00      0,00      0,00       0  |__java
 1498231251  1000         0     31711    0,00    0,00    0,00    0,00     0      0,00      0,00 4281796 1724948  22,61     136      36      0,00      0,00      0,00       0  |__java
 1498231251  1000         0     31712    0,00    0,00    0,00    0,00     1      0,00      0,00 4281796 1724948  22,61     136      36      0,00      0,00      0,00       0  |__java
 1498231251  1000         0     31713    0,00    0,00    0,00    0,00     0      0,00      0,00 4281796 1724948  22,61     136      36      0,00      0,00      0,00       0  |__java
 1498231251  1000         0     31714    0,00    0,00    0,00    0,00     1      0,00      0,00 4281796 1724948  22,61     136      36      0,00      0,00      0,00       0  |__java
 1498231251  1000         0     31715    0,00    0,00    0,00    0,00     0      0,00      0,00 4281796 1724948  22,61     136      36      0,00      0,00      0,00       0  |__java
 1498231251  1000         0     31716    0,00    0,00    0,00    0,00     0      0,00      0,00 4281796 1724948  22,61     136      36      0,00      0,00      0,00       0  |__java
 1498231251  1000         0     31717    0,00    0,00    0,00    0,00     3      0,00      0,00 4281796 1724948  22,61     136      36      0,00      0,00      0,00       0  |__java

#      Time   UID      TGID       TID    %usr %system  %guest    %CPU   CPU  minflt/s  majflt/s     VSZ     RSS   %MEM StkSize  StkRef   kB_rd/s   kB_wr/s kB_ccwr/s iodelay  Command
 1498231254  1000     31702         0   98,67    0,33    0,00   99,00     1      0,00      0,00 4281796 1724948  22,61     136      36      0,00      0,00      0,00       0  java
 1498231254  1000         0     31704   99,00    0,00    0,00   99,00     3      0,00      0,00 4281796 1724948  22,61     136      36      0,00      0,00      0,00 19543903  |__java

#      Time   UID      TGID       TID    %usr %system  %guest    %CPU   CPU  minflt/s  majflt/s     VSZ     RSS   %MEM StkSize  StkRef   kB_rd/s   kB_wr/s kB_ccwr/s iodelay  Command
 1498231257  1000     31702         0   99,00    1,00    0,00  100,00     1     82,33      0,00 4281796 1725736  22,62     136      36      0,00      0,00      0,00       0  java
 1498231257  1000         0     31702    0,00    0,00    0,00    0,00     1      0,00      0,00 4281796 1725736  22,62     136      36      0,00      0,00      0,00       0  |__java
 1498231257  1000         0     31704   97,67    1,00    0,00   98,67     0     81,67      0,00 4281796 1725736  22,62     136      36      0,00      0,00      0,00       0  |__java
 1498231257  1000         0     31705    0,33    0,00    0,00    0,33     1      0,00      0,00 4281796 1725736  22,62     136      36      0,00      0,00      0,00       0  |__java
 1498231257  1000         0     31706    0,33    0,00    0,00    0,33     2      0,67      0,00 4281796 1725736  22,62     136      36      0,00      0,00      0,00       0  |__java
 1498231257  1000         0     31707    0,33    0,00    0,00    0,33     3      0,00      0,00 4281796 1725736  22,62     136      36      0,00      0,00      0,00       0  |__java
 1498231257  1000         0     31708    0,33    0,00    0,00    0,33     2      0,00      0,00 4281796 1725736  22,62     136      36      0,00      0,00      0,00       0  |__java
 1498231257  1000         0     31709    0,33    0,00    0,00    0,33     3      0,00      0,00 4281796 1725736  22,62     136      36      0,00      0,00      0,00       0  |__java
 1498231257  1000         0     31710    0,00    0,00    0,00    0,00     1      0,00      0,00 4281796 1725736  22,62     136      36      0,00      0,00      0,00       0  |__java
 1498231257  1000         0     31711    0,00    0,00    0,00    0,00     0      0,00      0,00 4281796 1725736  22,62     136      36      0,00      0,00      0,00       0  |__java
 1498231257  1000         0     31712    0,00    0,00    0,00    0,00     1      0,00      0,00 4281796 1725736  22,62     136      36      0,00      0,00      0,00       0  |__java
 1498231257  1000         0     31713    0,00    0,00    0,00    0,00     1      0,00      0,00 4281796 1725736  22,62     136      36      0,00      0,00      0,00       0  |__java
 1498231257  1000         0     31714    0,00    0,00    0,00    0,00     1      0,00      0,00 4281796 1725736  22,62     136      36      0,00      0,00      0,00       0  |__java
 1498231257  1000         0     31715    0,00    0,00    0,00    0,00     1      0,00      0,00 4281796 1725736  22,62     136      36      0,00      0,00      0,00       0  |__java
 1498231257  1000         0     31716    0,00    0,00    0,00    0,00     0      0,00      0,00 4281796 1725736  22,62     136      36      0,00      0,00      0,00       0  |__java
 1498231257  1000         0     31717    0,33    0,33    0,00    0,67     1      0,00      0,00 4281796 1725736  22,62     136      36      0,00      0,00      0,00       0  |__java

#      Time   UID      TGID       TID    %usr %system  %guest    %CPU   CPU  minflt/s  majflt/s     VSZ     RSS   %MEM StkSize  StkRef   kB_rd/s   kB_wr/s kB_ccwr/s iodelay  Command
 1498231260  1000     31702         0   99,67    0,33    0,00  100,00     1      1,33      0,00 4281796 1725736  22,62     136      36      0,00      0,00      0,00       0  java
 1498231260  1000         0     31704   97,67    0,33    0,00   98,00     0      0,33      0,00 4281796 1725736  22,62     136      36      0,00      0,00      0,00       0  |__java
 1498231260  1000         0     31705    0,33    0,00    0,00    0,33     0      0,00      0,00 4281796 1725736  22,62     136      36      0,00      0,00      0,00       0  |__java
 1498231260  1000         0     31706    0,33    0,00    0,00    0,33     2      0,33      0,00 4281796 1725736  22,62     136      36      0,00      0,00      0,00       0  |__java
 1498231260  1000         0     31707    0,00    0,00    0,00    0,00     1      0,67      0,00 4281796 1725736  22,62     136      36      0,00      0,00      0,00       0  |__java
 1498231260  1000         0     31708    1,00    0,00    0,00    1,00     2      0,00      0,00 4281796 1725736  22,62     136      36      0,00      0,00      0,00       0  |__java

#      Time   UID      TGID       TID    %usr %system  %guest    %CPU   CPU  minflt/s  majflt/s     VSZ     RSS   %MEM StkSize  StkRef   kB_rd/s   kB_wr/s kB_ccwr/s iodelay  Command
 1498231263  1000     31702         0   99,00    0,00    0,00   99,00     1      0,33      0,00 4281796 1725736  22,62     136      36      0,00      0,00      0,00       0  java
 1498231263  1000         0     31704   98,00    0,00    0,00   98,00     0      0,33      0,00 4281796 1725736  22,62     136      36      0,00      0,00      0,00       0  |__java
 1498231263  1000         0     31705    0,33    0,00    0,00    0,33     2      0,00      0,00 4281796 1725736  22,62     136      36      0,00      0,00      0,00       0  |__java
 1498231263  1000         0     31707    0,33    0,00    0,00    0,33     2      0,00      0,00 4281796 1725736  22,62     136      36      0,00      0,00      0,00       0  |__java

#      Time   UID      TGID       TID    %usr %system  %guest    %CPU   CPU  minflt/s  majflt/s     VSZ     RSS   %MEM StkSize  StkRef   kB_rd/s   kB_wr/s kB_ccwr/s iodelay  Command
 1498231266  1000     31702         0   99,00    0,00    0,00   99,00     1      0,00      0,00 4281796 1725736  22,62     136      36      0,00      0,00      0,00       0  java
 1498231266  1000         0     31704   99,00    0,00    0,00   99,00     0      0,00      0,00 4281796 1725736  22,62     136      36      0,00      0,00      0,00       0  |__java

#      Time   UID      TGID       TID    %usr %system  %guest    %CPU   CPU  minflt/s  majflt/s     VSZ     RSS   %MEM StkSize  StkRef   kB_rd/s   kB_wr/s kB_ccwr/s iodelay  Command
 1498231269  1000     31702         0  100,00    0,00    0,00  100,00     1      1,00      0,00 4281796 1725736  22,62     136      36      0,00      0,00      0,00       0  java
 1498231269  1000         0     31704  100,00    0,00    0,00  100,00     1      0,33      0,00 4281796 1725736  22,62     136      36      0,00      0,00      0,00       0  |__java
 1498231269  1000         0     31707    0,33    0,00    0,00    0,33     3      0,00      0,00 4281796 1725736  22,62     136      36      0,00      0,00      0,00       0  |__java
 1498231269  1000         0     31708    0,33    0,00    0,00    0,33     2      0,67      0,00 4281796 1725736  22,62     136      36      0,00      0,00      0,00       0  |__java
 1498231269  1000         0     31717    0,33    0,00    0,00    0,33     0      0,00      0,00 4281796 1725736  22,62     136      36      0,00      0,00      0,00       0  |__java

#      Time   UID      TGID       TID    %usr %system  %guest    %CPU   CPU  minflt/s  majflt/s     VSZ     RSS   %MEM StkSize  StkRef   kB_rd/s   kB_wr/s kB_ccwr/s iodelay  Command
 1498231272  1000     31702         0   98,67    0,00    0,00   98,67     1      0,33      0,00 4281796 1725736  22,62     136      36      0,00      0,00      0,00       0  java
 1498231272  1000         0     31704   96,33    0,00    0,00   96,33     3      0,33      0,00 4281796 1725736  22,62     136      36      0,00      0,00      0,00 9773765  |__java
 1498231272  1000         0     31705    0,67    0,00    0,00    0,67     0      0,00      0,00 4281796 1725736  22,62     136      36      0,00      0,00      0,00       0  |__java
 1498231272  1000         0     31706    0,67    0,00    0,00    0,67     3      0,00      0,00 4281796 1725736  22,62     136      36      0,00      0,00      0,00       0  |__java
 1498231272  1000         0     31707    0,33    0,00    0,00    0,33     1      0,00      0,00 4281796 1725736  22,62     136      36      0,00      0,00      0,00       0  |__java

#      Time   UID      TGID       TID    %usr %system  %guest    %CPU   CPU  minflt/s  majflt/s     VSZ     RSS   %MEM StkSize  StkRef   kB_rd/s   kB_wr/s kB_ccwr/s iodelay  Command
 1498231275  1000     31702         0  100,00    0,33    0,00  100,00     1      1,33      0,00 4281796 1725980  22,63     136      36      0,00      0,00      0,00       0  java
 1498231275  1000         0     31702    0,00    0,00    0,00    0,00     1      0,00      0,00 4281796 1725980  22,63     136      36      0,00      0,00      0,00       0  |__java
 1498231275  1000         0     31704   98,67    0,33    0,00   99,00     3      0,33      0,00 4281796 1725980  22,63     136      36      0,00      0,00      0,00 29322278  |__java
 1498231275  1000         0     31705    0,33    0,00    0,00    0,33     1      0,00      0,00 4281796 1725980  22,63     136      36      0,00      0,00      0,00       0  |__java
 1498231275  1000         0     31706    0,33    0,00    0,00    0,33     0      1,00      0,00 4281796 1725980  22,63     136      36      0,00      0,00      0,00       0  |__java
 1498231275  1000         0     31707    0,33    0,00    0,00    0,33     0      0,00      0,00 4281796 1725980  22,63     136      36      0,00      0,00      0,00       0  |__java
 1498231275  1000         0     31708    0,33    0,00    0,00    0,33     1      0,00      0,00 4281796 1725980  22,63     136      36      0,00      0,00      0,00       0  |__java
 1498231275  1000         0     31709    0,00    0,00    0,00    0,00     0      0,00      0,00 4281796 1725980  22,63     136      36      0,00      0,00      0,00       0  |__java
 1498231275  1000         0     31710    0,00    0,00    0,00    0,00     1      0,00      0,00 4281796 1725980  22,63     136      36      0,00      0,00      0,00       0  |__java
 1498231275  1000         0     31711    0,00    0,00    0,00    0,00     0      0,00      0,00 4281796 1725980  22,63     136      36      0,00      0,00      0,00       0  |__java
 1498231275  1000         0     31712    0,00    0,00    0,00    0,00     1      0,00      0,00 4281796 1725980  22,63     136      36      0,00      0,00      0,00       0  |__java
 1498231275  1000         0     31713    0,00    0,00    0,00    0,00     0      0,00      0,00 4281796 1725980  22,63     136      36      0,00      0,00      0,00       0  |__java
 1498231275  1000         0     31714    0,00    0,00    0,00    0,00     3      0,00      0,00 4281796 1725980  22,63     136      36      0,00      0,00      0,00       0  |__java
 1498231275  1000         0     31715    0,00    0,00    0,00    0,00     3      0,00      0,00 4281796 1725980  22,63     136      36      0,00      0,00      0,00       0  |__java
 1498231275  1000         0     31716    0,00    0,00    0,00    0,00     0      0,00      0,00 4281796 1725980  22,63     136      36      0,00      0,00      0,00       0  |__java
 1498231275  1000         0     31717    0,33    0,00    0,00    0,33     0      0,00      0,00 4281796 1725980  22,63     136      36      0,00      0,00      0,00       0  |__java

#      Time   UID      TGID       TID    %usr %system  %guest    %CPU   CPU  minflt/s  majflt/s     VSZ     RSS   %MEM StkSize  StkRef   kB_rd/s   kB_wr/s kB_ccwr/s iodelay  Command
 1498231278  1000     31702         0  100,00    0,33    0,00  100,00     1      0,00      0,00 4281796 1725980  22,63     136      36      0,00      0,00      0,00       0  java
 1498231278  1000         0     31704  100,00    0,33    0,00  100,00     3      0,00      0,00 4281796 1725980  22,63     136      36      0,00      0,00      0,00 19548596  |__java

#      Time   UID      TGID       TID    %usr %system  %guest    %CPU   CPU  minflt/s  majflt/s     VSZ     RSS   %MEM StkSize  StkRef   kB_rd/s   kB_wr/s kB_ccwr/s iodelay  Command
 1498231281  1000     31702         0  100,00    0,33    0,00  100,00     1     83,00      0,00 4281796 1726768  22,64     136      36      0,00      0,00      0,00       0  java
 1498231281  1000         0     31702    0,00    0,00    0,00    0,00     1      0,00      0,00 4281796 1726768  22,64     136      36      0,00      0,00      0,00       0  |__java
 1498231281  1000         0     31704  100,00    0,33    0,00  100,00     3     82,67      0,00 4281796 1726768  22,64     136      36      0,00      0,00      0,00 29324112  |__java
 1498231281  1000         0     31705    0,67    0,00    0,00    0,67     2      0,00      0,00 4281796 1726768  22,64     136      36      0,00      0,00      0,00       0  |__java
 1498231281  1000         0     31706    0,67    0,00    0,00    0,67     0      0,33      0,00 4281796 1726768  22,64     136      36      0,00      0,00      0,00       0  |__java
 1498231281  1000         0     31707    0,00    0,00    0,00    0,00     2      0,00      0,00 4281796 1726768  22,64     136      36      0,00      0,00      0,00       0  |__java
 1498231281  1000         0     31708    0,67    0,00    0,00    0,67     0      0,00      0,00 4281796 1726768  22,64     136      36      0,00      0,00      0,00       0  |__java
 1498231281  1000         0     31709    0,33    0,00    0,00    0,33     1      0,00      0,00 4281796 1726768  22,64     136      36      0,00      0,00      0,00       0  |__java
 1498231281  1000         0     31710    0,00    0,00    0,00    0,00     1      0,00      0,00 4281796 1726768  22,64     136      36      0,00      0,00      0,00       0  |__java
 1498231281  1000         0     31711    0,00    0,00    0,00    0,00     0      0,00      0,00 4281796 1726768  22,64     136      36      0,00      0,00      0,00       0  |__java
 1498231281  1000         0     31712    0,00    0,00    0,00    0,00     1      0,00      0,00 4281796 1726768  22,64     136      36      0,00      0,00      0,00       0  |__java
 1498231281  1000         0     31713    0,00    0,00    0,00    0,00     2      0,00      0,00 4281796 1726768  22,64     136      36      0,00      0,00      0,00       0  |__java
 1498231281  1000         0     31714    0,00    0,00    0,00    0,00     1      0,00      0,00 4281796 1726768  22,64     136      36      0,00      0,00      0,00       0  |__java
 1498231281  1000         0     31715    0,00    0,00    0,00    0,00     1      0,00      0,00 4281796 1726768  22,64     136      36      0,00      0,00      0,00       0  |__java
 1498231281  1000         0     31716    0,00    0,00    0,00    0,00     0      0,00      0,00 4281796 1726768  22,64     136      36      0,00      0,00      0,00       0  |__java
 1498231281  1000         0     31717    0,33    0,00    0,00    0,33     1      0,00      0,00 4281796 1726768  22,64     136      36      0,00      0,00      0,00       0  |__java

#      Time   UID      TGID       TID    %usr %system  %guest    %CPU   CPU  minflt/s  majflt/s     VSZ     RSS   %MEM StkSize  StkRef   kB_rd/s   kB_wr/s kB_ccwr/s iodelay  Command
 1498231284  1000     31702         0   97,33    1,33    0,00   98,67     1      0,33      0,00 4281796 1726768  22,64     136      36      0,00      0,00      0,00       0  java
 1498231284  1000         0     31704   96,33    1,00    0,00   97,33     3      0,33      0,00 4281796 1726768  22,64     136      36      0,00      0,00      0,00 19549876  |__java
 1498231284  1000         0     31706    0,33    0,00    0,00    0,33     2      0,00      0,00 4281796 1726768  22,64     136      36      0,00      0,00      0,00       0  |__java
 1498231284  1000         0     31707    0,33    0,00    0,00    0,33     2      0,00      0,00 4281796 1726768  22,64     136      36      0,00      0,00      0,00       0  |__java
 1498231284  1000         0     31708    0,33    0,00    0,00    0,33     2      0,00      0,00 4281796 1726768  22,64     136      36      0,00      0,00      0,00       0  |__java

#      Time   UID      TGID       TID    %usr %system  %guest    %CPU   CPU  minflt/s  majflt/s     VSZ     RSS   %MEM StkSize  StkRef   kB_rd/s   kB_wr/s kB_ccwr/s iodelay  Command
 1498231287  1000     31702         0  100,00    1,00    0,00  100,00     1      0,33      0,00 4281796 1726768  22,64     136      36      0,00      0,00      0,00       0  java
 1498231287  1000         0     31704  100,00    1,00    0,00  100,00     3      0,33      0,00 4281796 1726768  22,64     136      36      0,00      0,00      0,00 29325947  |__java
 1498231287  1000         0     31705    0,33    0,00    0,00    0,33     3      0,00      0,00 4281796 1726768  22,64     136      36      0,00      0,00      0,00       0  |__java
 1498231287  1000         0     31707    0,33    0,00    0,00    0,33     1      0,00      0,00 4281796 1726768  22,64     136      36      0,00      0,00      0,00       0  |__java
 1498231287  1000         0     31717    0,00    0,33    0,00    0,33     2      0,00      0,00 4281796 1726768  22,64     136      36      0,00      0,00      0,00       0  |__java

#      Time   UID      TGID       TID    %usr %system  %guest    %CPU   CPU  minflt/s  majflt/s     VSZ     RSS   %MEM StkSize  StkRef   kB_rd/s   kB_wr/s kB_ccwr/s iodelay  Command
 1498231290  1000     31702         0   98,67    0,33    0,00   99,00     1      0,00      0,00 4281796 1726768  22,64     136      36      0,00      0,00      0,00       0  java
 1498231290  1000         0     31704   98,67    0,33    0,00   99,00     3      0,00      0,00 4281796 1726768  22,64     136      36      0,00      0,00      0,00 9775471  |__java

#      Time   UID      TGID       TID    %usr %system  %guest    %CPU   CPU  minflt/s  majflt/s     VSZ     RSS   %MEM StkSize  StkRef   kB_rd/s   kB_wr/s kB_ccwr/s iodelay  Command
 1498231293  1000     31702         0  100,00    0,33    0,00  100,00     1      0,33      0,00 4281796 1726768  22,64     136      36      0,00      0,00      0,00       0  java
 1498231293  1000         0     31704  100,00    0,33    0,00  100,00     1      0,33      0,00 4281796 1726768  22,64     136      36      0,00      0,00      0,00 9775685  |__java
 1498231293  1000         0     31705    0,33    0,00    0,00    0,33     3      0,00      0,00 4281796 1726768  22,64     136      36      0,00      0,00      0,00       0  |__java
 1498231293  1000         0     31706    0,33    0,00    0,00    0,33     3      0,00      0,00 4281796 1726768  22,64     136      36      0,00      0,00      0,00       0  |__java
 1498231293  1000         0     31708    0,33    0,00    0,00    0,33     0      0,00      0,00 4281796 1726768  22,64     136      36      0,00      0,00      0,00       0  |__java
 1498231293  1000         0     31717    0,33    0,00    0,00    0,33     2      0,00      0,00 4281796 1726768  22,64     136      36      0,00      0,00      0,00       0  |__java

#      Time   UID      TGID       TID    %usr %system  %guest    %CPU   CPU  minflt/s  majflt/s     VSZ     RSS   %MEM StkSize  StkRef   kB_rd/s   kB_wr/s kB_ccwr/s iodelay  Command
 1498231296  1000     31702         0   94,00    0,33    0,00   94,33     1      0,33      0,00 4281796 1726768  22,64     136      36      0,00      0,00      0,00       0  java
 1498231296  1000         0     31704   93,33    0,00    0,00   93,33     2      0,33      0,00 4281796 1726768  22,64     136      36      0,00      0,00      0,00       0  |__java
 1498231296  1000         0     31705    0,33    0,00    0,00    0,33     3      0,00      0,00 4281796 1726768  22,64     136      36      0,00      0,00      0,00       0  |__java
 1498231296  1000         0     31706    0,33    0,00    0,00    0,33     1      0,00      0,00 4281796 1726768  22,64     136      36      0,00      0,00      0,00       0  |__java
 1498231296  1000         0     31707    0,33    0,00    0,00    0,33     1      0,00      0,00 4281796 1726768  22,64     136      36      0,00      0,00      0,00       0  |__java

#      Time   UID      TGID       TID    %usr %system  %guest    %CPU   CPU  minflt/s  majflt/s     VSZ     RSS   %MEM StkSize  StkRef   kB_rd/s   kB_wr/s kB_ccwr/s iodelay  Command
 1498231299  1000     31702         0   97,67    0,33    0,00   98,00     1      0,33      0,00 4281796 1726768  22,64     136      36      0,00      0,00      0,00       0  java
 1498231299  1000         0     31704   96,67    0,33    0,00   97,00     2      0,33      0,00 4281796 1726768  22,64     136      36      0,00      0,00      0,00       0  |__java
 1498231299  1000         0     31705    0,00    0,33    0,00    0,33     1      0,00      0,00 4281796 1726768  22,64     136      36      0,00      0,00      0,00       0  |__java
 1498231299  1000         0     31708    0,33    0,00    0,00    0,33     3      0,00      0,00 4281796 1726768  22,64     136      36      0,00      0,00      0,00       0  |__java
 1498231299  1000         0     31717    0,33    0,00    0,00    0,33     3      0,00      0,00 4281796 1726768  22,64     136      36      0,00      0,00      0,00       0  |__java

#      Time   UID      TGID       TID    %usr %system  %guest    %CPU   CPU  minflt/s  majflt/s     VSZ     RSS   %MEM StkSize  StkRef   kB_rd/s   kB_wr/s kB_ccwr/s iodelay  Command
 1498231302  1000     31702         0  100,00    0,00    0,00  100,00     1      0,00      0,00 4281796 1726768  22,64     136      36      0,00      0,00      0,00       0  java
 1498231302  1000         0     31704  100,00    0,00    0,00  100,00     2      0,00      0,00 4281796 1726768  22,64     136      36      0,00      0,00      0,00 9776615  |__java

#      Time   UID      TGID       TID    %usr %system  %guest    %CPU   CPU  minflt/s  majflt/s     VSZ     RSS   %MEM StkSize  StkRef   kB_rd/s   kB_wr/s kB_ccwr/s iodelay  Command
 1498231305  1000     31702         0  100,00    0,00    0,00  100,00     1      0,33      0,00 4281796 1726768  22,64     136      36      0,00      0,00      0,00       0  java
 1498231305  1000         0     31704  100,00    0,00    0,00  100,00     2      0,33      0,00 4281796 1726768  22,64     136      36      0,00      0,00      0,00       0  |__java
 1498231305  1000         0     31705    0,33    0,00    0,00    0,33     0      0,00      0,00 4281796 1726768  22,64     136      36      0,00      0,00      0,00       0  |__java
 1498231305  1000         0     31706    0,33    0,00    0,00    0,33     1      0,00      0,00 4281796 1726768  22,64     136      36      0,00      0,00      0,00       0  |__java
 1498231305  1000         0     31707    0,33    0,00    0,00    0,33     1      0,00      0,00 4281796 1726768  22,64     136      36      0,00      0,00      0,00       0  |__java
 1498231305  1000         0     31708    0,33    0,00    0,00    0,33     0      0,00      0,00 4281796 1726768  22,64     136      36      0,00      0,00      0,00       0  |__java

#      Time   UID      TGID       TID    %usr %system  %guest    %CPU   CPU  minflt/s  majflt/s     VSZ     RSS   %MEM StkSize  StkRef   kB_rd/s   kB_wr/s kB_ccwr/s iodelay  Command
 1498231308  1000     31702         0   99,00    0,33    0,00   99,33     1      0,33      0,00 4281796 1726768  22,64     136      36      0,00      0,00      0,00       0  java
 1498231308  1000         0     31704   97,00    0,00    0,00   97,00     2      0,33      0,00 4281796 1726768  22,64     136      36      0,00      0,00      0,00       0  |__java
 1498231308  1000         0     31705    0,33    0,00    0,00    0,33     3      0,00      0,00 4281796 1726768  22,64     136      36      0,00      0,00      0,00       0  |__java
 1498231308  1000         0     31706    0,33    0,00    0,00    0,33     1      0,00      0,00 4281796 1726768  22,64     136      36      0,00      0,00      0,00       0  |__java
 1498231308  1000         0     31707    1,33    0,00    0,00    1,33     3      0,00      0,00 4281796 1726768  22,64     136      36      0,00      0,00      0,00       0  |__java
 1498231308  1000         0     31708    0,33    0,00    0,00    0,33     2      0,00      0,00 4281796 1726768  22,64     136      36      0,00      0,00      0,00       0  |__java
 1498231308  1000         0     31717    0,00    0,33    0,00    0,33     0      0,00      0,00 4281796 1726768  22,64     136      36      0,00      0,00      0,00       0  |__java

#      Time   UID      TGID       TID    %usr %system  %guest    %CPU   CPU  minflt/s  majflt/s     VSZ     RSS   %MEM StkSize  StkRef   kB_rd/s   kB_wr/s kB_ccwr/s iodelay  Command
 1498231311  1000     31702         0  100,00    0,00    0,00  100,00     1      0,00      0,00 4281796 1726768  22,64     136      36      0,00      0,00      0,00       0  java
 1498231311  1000         0     31704   99,00    0,00    0,00   99,00     2      0,33      0,00 4281796 1726768  22,64     136      36      0,00      0,00      0,00       0  |__java
 1498231311  1000         0     31706    0,33    0,00    0,00    0,33     3      0,00      0,00 4281796 1726768  22,64     136      36      0,00      0,00      0,00       0  |__java
 1498231311  1000         0     31708    0,33    0,00    0,00    0,33     2      0,00      0,00 4281796 1726768  22,64     136      36      0,00      0,00      0,00       0  |__java
 1498231311  1000         0     31709    0,33    0,00    0,00    0,33     1      0,00      0,00 4281796 1726768  22,64     136      36      0,00      0,00      0,00       0  |__java
 1498231311  1000         0     31717    0,33    0,00    0,00    0,33     3      0,00      0,00 4281796 1726768  22,64     136      36      0,00      0,00      0,00       0  |__java

#      Time   UID      TGID       TID    %usr %system  %guest    %CPU   CPU  minflt/s  majflt/s     VSZ     RSS   %MEM StkSize  StkRef   kB_rd/s   kB_wr/s kB_ccwr/s iodelay  Command
 1498231314  1000     31702         0  100,00    0,00    0,00  100,00     1      0,33      0,00 4281796 1726768  22,64     136      36      0,00      0,00      0,00       0  java
 1498231314  1000         0     31704  100,00    0,00    0,00  100,00     2      0,00      0,00 4281796 1726768  22,64     136      36      0,00      0,00      0,00       0  |__java

#      Time   UID      TGID       TID    %usr %system  %guest    %CPU   CPU  minflt/s  majflt/s     VSZ     RSS   %MEM StkSize  StkRef   kB_rd/s   kB_wr/s kB_ccwr/s iodelay  Command
 1498231317  1000     31702         0  100,00    0,33    0,00  100,00     1     42,00      0,00 4281796 1727260  22,64     136      36      0,00      0,00      0,00       0  java
 1498231317  1000         0     31702    0,00    0,00    0,00    0,00     1      0,00      0,00 4281796 1727260  22,64     136      36      0,00      0,00      0,00       0  |__java
 1498231317  1000         0     31704  100,00    0,00    0,00  100,00     2     41,00      0,00 4281796 1727260  22,64     136      36      0,00      0,00      0,00       0  |__java
 1498231317  1000         0     31705    0,33    0,00    0,00    0,33     3      1,00      0,00 4281796 1727260  22,64     136      36      0,00      0,00      0,00       0  |__java
 1498231317  1000         0     31706    0,00    0,00    0,00    0,00     3      0,00      0,00 4281796 1727260  22,64     136      36      0,00      0,00      0,00       0  |__java
 1498231317  1000         0     31707    0,00    0,00    0,00    0,00     3      0,00      0,00 4281796 1727260  22,64     136      36      0,00      0,00      0,00       0  |__java
 1498231317  1000         0     31708    0,33    0,00    0,00    0,33     3      0,00      0,00 4281796 1727260  22,64     136      36      0,00      0,00      0,00       0  |__java
 1498231317  1000         0     31709    0,00    0,33    0,00    0,33     3      0,00      0,00 4281796 1727260  22,64     136      36      0,00      0,00      0,00       0  |__java
 1498231317  1000         0     31710    0,00    0,00    0,00    0,00     1      0,00      0,00 4281796 1727260  22,64     136      36      0,00      0,00      0,00       0  |__java
 1498231317  1000         0     31711    0,00    0,00    0,00    0,00     0      0,00      0,00 4281796 1727260  22,64     136      36      0,00      0,00      0,00       0  |__java
 1498231317  1000         0     31712    0,00    0,00    0,00    0,00     1      0,00      0,00 4281796 1727260  22,64     136      36      0,00      0,00      0,00       0  |__java
 1498231317  1000         0     31713    0,00    0,00    0,00    0,00     1      0,00      0,00 4281796 1727260  22,64     136      36      0,00      0,00      0,00       0  |__java
 1498231317  1000         0     31714    0,00    0,00    0,00    0,00     1      0,00      0,00 4281796 1727260  22,64     136      36      0,00      0,00      0,00       0  |__java
 1498231317  1000         0     31715    0,00    0,00    0,00    0,00     1      0,00      0,00 4281796 1727260  22,64     136      36      0,00      0,00      0,00       0  |__java
 1498231317  1000         0     31716    0,00    0,00    0,00    0,00     0      0,00      0,00 4281796 1727260  22,64     136      36      0,00      0,00      0,00       0  |__java
 1498231317  1000         0     31717    0,00    0,00    0,00    0,00     1      0,00      0,00 4281796 1727260  22,64     136      36      0,00      0,00      0,00       0  |__java

#      Time   UID      TGID       TID    %usr %system  %guest    %CPU   CPU  minflt/s  majflt/s     VSZ     RSS   %MEM StkSize  StkRef   kB_rd/s   kB_wr/s kB_ccwr/s iodelay  Command
 1498231320  1000     31702         0  100,00    0,33    0,00  100,00     1     40,33      0,00 4281796 1727784  22,65     136      36      0,00      0,00      0,00       0  java
 1498231320  1000         0     31702    0,00    0,00    0,00    0,00     1      0,00      0,00 4281796 1727784  22,65     136      36      0,00      0,00      0,00       0  |__java
 1498231320  1000         0     31704  100,00    0,33    0,00  100,00     2     40,33      0,00 4281796 1727784  22,65     136      36      0,00      0,00      0,00       0  |__java
 1498231320  1000         0     31705    0,33    0,00    0,00    0,33     3      0,00      0,00 4281796 1727784  22,65     136      36      0,00      0,00      0,00       0  |__java
 1498231320  1000         0     31706    0,00    0,00    0,00    0,00     3      0,00      0,00 4281796 1727784  22,65     136      36      0,00      0,00      0,00       0  |__java
 1498231320  1000         0     31707    0,33    0,33    0,00    0,67     3      0,00      0,00 4281796 1727784  22,65     136      36      0,00      0,00      0,00       0  |__java
 1498231320  1000         0     31708    0,00    0,00    0,00    0,00     3      0,00      0,00 4281796 1727784  22,65     136      36      0,00      0,00      0,00       0  |__java
 1498231320  1000         0     31709    0,00    0,00    0,00    0,00     3      0,00      0,00 4281796 1727784  22,65     136      36      0,00      0,00      0,00       0  |__java
 1498231320  1000         0     31710    0,00    0,00    0,00    0,00     1      0,00      0,00 4281796 1727784  22,65     136      36      0,00      0,00      0,00       0  |__java
 1498231320  1000         0     31711    0,00    0,00    0,00    0,00     0      0,00      0,00 4281796 1727784  22,65     136      36      0,00      0,00      0,00       0  |__java
 1498231320  1000         0     31712    0,00    0,00    0,00    0,00     1      0,00      0,00 4281796 1727784  22,65     136      36      0,00      0,00      0,00       0  |__java
 1498231320  1000         0     31713    0,00    0,00    0,00    0,00     1      0,00      0,00 4281796 1727784  22,65     136      36      0,00      0,00      0,00       0  |__java
 1498231320  1000         0     31714    0,00    0,00    0,00    0,00     1      0,00      0,00 4281796 1727784  22,65     136      36      0,00      0,00      0,00       0  |__java
 1498231320  1000         0     31715    0,00    0,00    0,00    0,00     1      0,00      0,00 4281796 1727784  22,65     136      36      0,00      0,00      0,00       0  |__java
 1498231320  1000         0     31716    0,00    0,00    0,00    0,00     0      0,00      0,00 4281796 1727784  22,65     136      36      0,00      0,00      0,00       0  |__java
 1498231320  1000         0     31717    0,00    0,33    0,00    0,33     3      0,00      0,00 4281796 1727784  22,65     136      36      0,00      0,00      0,00       0  |__java

#      Time   UID      TGID       TID    %usr %system  %guest    %CPU   CPU  minflt/s  majflt/s     VSZ     RSS   %MEM StkSize  StkRef   kB_rd/s   kB_wr/s kB_ccwr/s iodelay  Command
 1498231323  1000     31702         0   98,67    0,00    0,00   98,67     1      0,00      0,00 4281796 1727784  22,65     136      36      0,00      0,00      0,00       0  java
 1498231323  1000         0     31704   98,67    0,00    0,00   98,67     2      0,00      0,00 4281796 1727784  22,65     136      36      0,00      0,00      0,00       0  |__java

#      Time   UID      TGID       TID    %usr %system  %guest    %CPU   CPU  minflt/s  majflt/s     VSZ     RSS   %MEM StkSize  StkRef   kB_rd/s   kB_wr/s kB_ccwr/s iodelay  Command
 1498231326  1000     31702         0  100,00    0,00    0,00  100,00     1      0,33      0,00 4281796 1727784  22,65     136      36      0,00      0,00      0,00       0  java
 1498231326  1000         0     31704  100,00    0,00    0,00  100,00     2      0,33      0,00 4281796 1727784  22,65     136      36      0,00      0,00      0,00       0  |__java
 1498231326  1000         0     31706    0,33    0,00    0,00    0,33     2      0,00      0,00 4281796 1727784  22,65     136      36      0,00      0,00      0,00       0  |__java
 1498231326  1000         0     31717    0,33    0,00    0,00    0,33     1      0,00      0,00 4281796 1727784  22,65     136      36      0,00      0,00      0,00       0  |__java

#      Time   UID      TGID       TID    %usr %system  %guest    %CPU   CPU  minflt/s  majflt/s     VSZ     RSS   %MEM StkSize  StkRef   kB_rd/s   kB_wr/s kB_ccwr/s iodelay  Command
